0.000000 0.471875 0.575781 0.036719 0.160938
0.000000 0.044531 0.475000 0.035937 0.088281
0.000000 0.178125 0.554688 0.025781 0.146875
0.000000 0.193750 0.473438 0.011719 0.061719
0.000000 0.226562 0.555469 0.037500 0.160938
0.000000 0.284375 0.575000 0.018750 0.165625
0.000000 0.331250 0.576562 0.030469 0.168750
0.000000 0.390625 0.544531 0.024219 0.126562
0.000000 0.682813 0.506250 0.021875 0.114844
0.000000 0.768750 0.523438 0.017969 0.097656
0.000000 0.794531 0.547656 0.029687 0.126562
