0.000000 0.418750 0.595313 0.087500 0.171875
0.000000 0.042969 0.360156 0.063281 0.099219
0.000000 0.145313 0.480469 0.071094 0.153906
0.000000 0.186719 0.407031 0.030469 0.064062
0.000000 0.192188 0.495312 0.087500 0.171875
0.000000 0.240625 0.534375 0.071875 0.171094
0.000000 0.284375 0.550781 0.085156 0.176563
0.000000 0.352344 0.539844 0.064062 0.133594
0.000000 0.642969 0.596875 0.058594 0.121875
0.000000 0.719531 0.642188 0.047656 0.102344
0.000000 0.737500 0.671875 0.068750 0.135156
