0.000000 0.012500 0.409375 0.024219 0.103125
0.000000 0.027344 0.381250 0.053906 0.110156
0.000000 0.018750 0.534375 0.037500 0.100781
0.000000 0.004687 0.870313 0.009375 0.138281
0.000000 0.085938 0.888281 0.134375 0.139844
0.000000 0.156250 0.417187 0.053906 0.121875
0.000000 0.203906 0.411719 0.058594 0.117969
0.000000 0.241406 0.428125 0.057813 0.113281
0.000000 0.169531 0.842187 0.070312 0.108594
0.000000 0.277344 0.339062 0.028906 0.071094
0.000000 0.296875 0.353125 0.030469 0.067969
0.000000 0.285938 0.482812 0.046875 0.087500
0.000000 0.317969 0.469531 0.035937 0.076563
0.000000 0.344531 0.470313 0.044531 0.068750
0.000000 0.424219 0.449219 0.047656 0.073438
0.000000 0.362500 0.907813 0.100781 0.147656
0.000000 0.449219 0.938281 0.089063 0.085938
0.000000 0.615625 0.496875 0.027344 0.046094
0.000000 0.698438 0.366406 0.036719 0.070312
0.000000 0.695312 0.673438 0.053906 0.094531
0.000000 0.785937 0.316406 0.032031 0.035937
0.000000 0.717969 0.701562 0.053906 0.128125
0.000000 0.797656 0.319531 0.029687 0.025781
0.000000 0.781250 0.667188 0.049219 0.100000
0.000000 0.848437 0.416406 0.043750 0.079687
0.000000 0.868750 0.425000 0.036719 0.071875
0.000000 0.838281 0.678125 0.082812 0.115625
0.000000 0.833594 0.646875 0.032031 0.046875
0.000000 0.882031 0.702344 0.064062 0.103906
0.000000 0.908594 0.723437 0.039062 0.050000
