0.000000 0.017969 0.477344 0.035937 0.098437
0.000000 0.019531 0.967187 0.039062 0.060156
0.000000 0.040625 0.446094 0.040625 0.101562
0.000000 0.054688 0.596875 0.039844 0.091406
0.000000 0.075000 0.932813 0.071094 0.128906
0.000000 0.201563 0.938281 0.110156 0.123438
0.000000 0.179688 0.470313 0.031250 0.115625
0.000000 0.222656 0.458594 0.035937 0.110937
0.000000 0.264844 0.472656 0.035937 0.104688
0.000000 0.273438 0.882812 0.049219 0.100000
0.000000 0.281250 0.381250 0.014844 0.069531
0.000000 0.303906 0.392188 0.017188 0.064844
0.000000 0.319531 0.520312 0.029687 0.080469
0.000000 0.347656 0.503125 0.020313 0.072656
0.000000 0.373437 0.501563 0.031250 0.063281
0.000000 0.448437 0.473438 0.034375 0.066406
0.000000 0.478125 0.930469 0.072656 0.139063
0.000000 0.568750 0.956250 0.072656 0.087500
0.000000 0.645312 0.501563 0.019531 0.042969
0.000000 0.703906 0.365625 0.023438 0.064844
0.000000 0.758594 0.665625 0.035937 0.087500
0.000000 0.778125 0.309375 0.024219 0.030469
0.000000 0.788281 0.690625 0.029687 0.122656
0.000000 0.792188 0.310937 0.024219 0.021094
0.000000 0.842969 0.650000 0.029687 0.092969
0.000000 0.860938 0.400000 0.027344 0.074219
0.000000 0.882031 0.407031 0.023438 0.067187
0.000000 0.901563 0.657813 0.062500 0.103125
0.000000 0.891406 0.625000 0.023438 0.041406
0.000000 0.948438 0.675781 0.044531 0.095312
0.000000 0.983594 0.693750 0.032813 0.046094
