0.000000 0.256250 0.801562 0.124219 0.396094
0.000000 0.317969 0.835938 0.051562 0.178125
0.000000 0.414844 0.837500 0.032813 0.146094
0.000000 0.439063 0.846094 0.053906 0.307812
0.000000 0.515625 0.875000 0.050000 0.133594
0.000000 0.540625 0.840625 0.032031 0.113281
0.000000 0.572656 0.830469 0.039062 0.095312
0.000000 0.748437 0.873437 0.060156 0.075000
0.000000 0.819531 0.884375 0.073438 0.150000
0.000000 0.871875 0.915625 0.088281 0.150000
0.000000 0.941406 0.890625 0.073438 0.141406
