0.000000 0.042188 0.598437 0.084375 0.403906
0.000000 0.093750 0.622656 0.166406 0.422656
0.000000 0.217188 0.613281 0.196875 0.517188
0.000000 0.339844 0.638281 0.216406 0.485938
0.000000 0.461719 0.620313 0.208594 0.511719
0.000000 0.562500 0.439844 0.172656 0.367969
0.000000 0.615625 0.560937 0.187500 0.409375
0.000000 0.662500 0.393750 0.074219 0.168750
0.000000 0.711719 0.444531 0.144531 0.342187
0.000000 0.796875 0.584375 0.330469 0.664844
0.000000 0.885938 0.523438 0.150000 0.515625
