0.000000 0.154688 0.501563 0.075781 0.337500
0.000000 0.232031 0.535156 0.079687 0.354687
0.000000 0.339844 0.545312 0.092188 0.434375
0.000000 0.448437 0.582812 0.114844 0.403125
0.000000 0.553125 0.583594 0.103906 0.426563
0.000000 0.635156 0.437500 0.095312 0.303906
0.000000 0.686719 0.551562 0.101562 0.338281
0.000000 0.719531 0.410938 0.039062 0.140625
0.000000 0.764062 0.462500 0.074219 0.285156
0.000000 0.865625 0.625000 0.228906 0.594531
0.000000 0.925000 0.557813 0.061719 0.438281
