0.000000 0.077344 0.608594 0.047656 0.217188
0.000000 0.162500 0.741406 0.210156 0.394531
0.000000 0.123438 0.444531 0.118750 0.205469
0.000000 0.117188 0.580469 0.041406 0.051562
0.000000 0.197656 0.628125 0.125781 0.232031
0.000000 0.328125 0.532813 0.100000 0.147656
0.000000 0.351562 0.633594 0.181250 0.257031
0.000000 0.318750 0.490625 0.031250 0.043750
0.000000 0.348438 0.766406 0.168750 0.300781
0.000000 0.380469 0.047656 0.042969 0.079687
0.000000 0.389844 0.523438 0.063281 0.037500
0.000000 0.430469 0.801562 0.272656 0.381250
0.000000 0.456250 0.676562 0.159375 0.236719
0.000000 0.463281 0.564063 0.101562 0.138281
0.000000 0.454688 0.520312 0.046875 0.056250
0.000000 0.559375 0.692187 0.174219 0.246094
0.000000 0.555469 0.389844 0.063281 0.098437
0.000000 0.571094 0.796875 0.205469 0.305469
0.000000 0.568750 0.682813 0.137500 0.175781
0.000000 0.581250 0.893750 0.156250 0.212500
0.000000 0.592969 0.396875 0.064844 0.109375
0.000000 0.642188 0.388281 0.089844 0.142969
0.000000 0.635938 0.694531 0.150781 0.258594
0.000000 0.661719 0.592187 0.094531 0.128906
0.000000 0.676562 0.827344 0.194531 0.303906
0.000000 0.730469 0.905469 0.198437 0.189062
0.000000 0.721875 0.703906 0.084375 0.133594
0.000000 0.827344 0.639844 0.297656 0.220312
0.000000 0.760938 0.773438 0.174219 0.249219
0.000000 0.863281 0.869531 0.260937 0.260156
0.000000 0.904687 0.485156 0.043750 0.060937
0.000000 0.929688 0.489844 0.038281 0.051562
0.000000 0.939063 0.828906 0.121875 0.207813
0.000000 0.970313 0.085156 0.025000 0.014063
0.000000 0.961719 0.483594 0.060937 0.089063
0.000000 0.955469 0.739062 0.060937 0.075000
0.000000 0.970313 0.690625 0.059375 0.071875
0.000000 0.971094 0.736719 0.057031 0.161719
0.000000 0.985938 0.498437 0.028125 0.081250
0.000000 0.964844 0.955469 0.070312 0.089063
0.000000 0.983594 0.701562 0.032813 0.115625
0.000000 0.971094 0.879687 0.057813 0.240625
0.000000 0.990625 0.613281 0.018750 0.126562
0.000000 0.996094 0.644531 0.007812 0.185938
