0.000000 0.018750 0.680469 0.036719 0.201563
0.000000 0.099219 0.798438 0.164062 0.359375
0.000000 0.073438 0.512500 0.060156 0.185156
0.000000 0.077344 0.642188 0.026562 0.043750
0.000000 0.186719 0.021875 0.157812 0.042969
0.000000 0.153906 0.674219 0.060937 0.210938
0.000000 0.267969 0.562500 0.057813 0.130469
0.000000 0.299219 0.653125 0.107813 0.227344
0.000000 0.259375 0.521875 0.017969 0.038281
0.000000 0.303906 0.778125 0.082812 0.272656
0.000000 0.286719 0.092969 0.020313 0.073438
0.000000 0.351562 0.013281 0.125781 0.026562
0.000000 0.326562 0.542969 0.052344 0.026562
0.000000 0.382031 0.815625 0.164062 0.366406
0.000000 0.398438 0.673438 0.091406 0.210156
0.000000 0.398438 0.568750 0.062500 0.121094
0.000000 0.385156 0.529687 0.029687 0.050000
0.000000 0.494531 0.673438 0.104688 0.215625
0.000000 0.471094 0.387500 0.035937 0.088281
0.000000 0.512500 0.770312 0.117969 0.271094
0.000000 0.503125 0.662500 0.087500 0.152344
0.000000 0.528125 0.883594 0.091406 0.232813
0.000000 0.507812 0.389062 0.033594 0.099219
0.000000 0.550781 0.371875 0.048438 0.128906
0.000000 0.566406 0.663281 0.076563 0.232813
0.000000 0.583594 0.560937 0.057813 0.111719
0.000000 0.613281 0.781250 0.107813 0.271094
0.000000 0.672656 0.884375 0.135937 0.230469
0.000000 0.646875 0.657813 0.046094 0.118750
0.000000 0.740625 0.578125 0.234375 0.167969
0.000000 0.628906 0.008594 0.010937 0.017188
0.000000 0.685937 0.716406 0.103906 0.220312
0.000000 0.679688 0.006250 0.010156 0.012500
0.000000 0.794531 0.841406 0.173437 0.317188
0.000000 0.747656 0.007812 0.014063 0.015625
0.000000 0.801562 0.418750 0.025781 0.053125
0.000000 0.825781 0.418750 0.023438 0.046094
0.000000 0.863281 0.735938 0.076563 0.185156
0.000000 0.835938 0.017188 0.019531 0.033594
0.000000 0.853906 0.407813 0.035937 0.078906
0.000000 0.866406 0.650000 0.039062 0.065625
0.000000 0.878906 0.602344 0.045312 0.060937
0.000000 0.931250 0.642188 0.114844 0.139844
0.000000 0.892188 0.415625 0.035156 0.071875
0.000000 0.940625 0.901563 0.118750 0.171094
0.000000 0.940625 0.605469 0.106250 0.098437
0.000000 0.946875 0.779687 0.106250 0.227344
0.000000 0.912500 0.521875 0.033594 0.115625
0.000000 0.908594 0.003906 0.007812 0.007812
0.000000 0.925000 0.418750 0.034375 0.059375
0.000000 0.920312 0.013281 0.017969 0.026562
0.000000 0.958594 0.549219 0.082812 0.173437
0.000000 0.964844 0.425000 0.023438 0.060156
0.000000 0.976562 0.985156 0.044531 0.029687
0.000000 0.987500 0.424219 0.025000 0.051562
