0.000000 0.032813 0.320312 0.065625 0.178125
0.000000 0.090625 0.142969 0.181250 0.185938
0.000000 0.078906 0.253906 0.045312 0.132812
0.000000 0.127344 0.503125 0.035937 0.080469
0.000000 0.132812 0.301563 0.037500 0.100000
0.000000 0.171875 0.315625 0.037500 0.091406
0.000000 0.216406 0.203906 0.035937 0.092188
0.000000 0.232813 0.384375 0.046094 0.137500
0.000000 0.321094 0.074219 0.207813 0.117188
0.000000 0.246875 0.215625 0.035156 0.092969
0.000000 0.260937 0.276562 0.039844 0.077344
0.000000 0.276562 0.389062 0.040625 0.130469
0.000000 0.283594 0.561719 0.048438 0.089063
0.000000 0.303906 0.210938 0.076563 0.114844
0.000000 0.303906 0.688281 0.057813 0.089063
0.000000 0.292187 0.264062 0.035156 0.074219
0.000000 0.310156 0.318750 0.051562 0.108594
0.000000 0.340625 0.315625 0.055469 0.110156
0.000000 0.344531 0.398438 0.051562 0.060156
0.000000 0.375000 0.457031 0.107031 0.114062
0.000000 0.428906 0.392188 0.079687 0.153125
0.000000 0.432812 0.322656 0.065625 0.101562
0.000000 0.503125 0.292187 0.130469 0.130469
0.000000 0.475781 0.473438 0.035937 0.057031
0.000000 0.489844 0.356250 0.054688 0.121094
0.000000 0.521094 0.412500 0.032813 0.057031
0.000000 0.531250 0.084375 0.030469 0.121875
0.000000 0.569531 0.082812 0.026562 0.111719
0.000000 0.586719 0.140625 0.032813 0.067969
0.000000 0.617969 0.392188 0.067187 0.111719
0.000000 0.634375 0.095312 0.014844 0.074219
0.000000 0.686719 0.361719 0.057813 0.101562
0.000000 0.677344 0.090625 0.035937 0.122656
0.000000 0.704688 0.140625 0.044531 0.057031
0.000000 0.725000 0.612500 0.059375 0.094531
0.000000 0.734375 0.110937 0.046094 0.077344
0.000000 0.772656 0.415625 0.051562 0.115625
0.000000 0.826562 0.428906 0.052344 0.151562
0.000000 0.822656 0.113281 0.026562 0.051562
0.000000 0.851562 0.129688 0.033594 0.060156
0.000000 0.875000 0.136719 0.024219 0.101562
0.000000 0.904687 0.142187 0.037500 0.117969
