0.000000 0.000781 0.462500 0.001563 0.191406
0.000000 0.041406 0.275000 0.082812 0.238281
0.000000 0.007812 0.388281 0.014844 0.148438
0.000000 0.071875 0.630469 0.067969 0.094531
0.000000 0.035156 0.425000 0.070312 0.115625
0.000000 0.075781 0.430469 0.074219 0.107813
0.000000 0.095312 0.305469 0.072656 0.107813
0.000000 0.151562 0.485938 0.100000 0.156250
0.000000 0.173437 0.150000 0.257031 0.196875
0.000000 0.129688 0.310156 0.072656 0.107813
0.000000 0.157031 0.368750 0.069531 0.093750
0.000000 0.198437 0.478906 0.091406 0.147656
0.000000 0.244531 0.653906 0.083594 0.108594
0.000000 0.185938 0.291406 0.121875 0.145313
0.000000 0.292187 0.776563 0.092969 0.112500
0.000000 0.186719 0.347656 0.064844 0.088281
0.000000 0.215625 0.400781 0.094531 0.129688
0.000000 0.246875 0.389844 0.099219 0.132812
0.000000 0.270313 0.474219 0.075000 0.079687
0.000000 0.314063 0.524219 0.152344 0.155469
0.000000 0.353125 0.447656 0.140625 0.185156
0.000000 0.342969 0.374219 0.105469 0.127344
0.000000 0.407813 0.327344 0.184375 0.182031
0.000000 0.420312 0.517969 0.058594 0.071094
0.000000 0.407031 0.395313 0.101562 0.143750
0.000000 0.452344 0.446875 0.055469 0.068750
0.000000 0.389062 0.110937 0.078125 0.134375
0.000000 0.427344 0.100781 0.070312 0.122656
0.000000 0.459375 0.154688 0.059375 0.082031
0.000000 0.546875 0.403906 0.112500 0.138281
0.000000 0.496875 0.098437 0.043750 0.080469
0.000000 0.608594 0.356250 0.098437 0.125000
0.000000 0.538281 0.093750 0.082812 0.116406
0.000000 0.578906 0.127344 0.066406 0.072656
0.000000 0.703125 0.602344 0.096875 0.117188
0.000000 0.603906 0.091406 0.075781 0.095312
0.000000 0.709375 0.389062 0.096875 0.137500
0.000000 0.768750 0.390625 0.111719 0.172656
0.000000 0.690625 0.075000 0.046875 0.056250
0.000000 0.724219 0.083594 0.057031 0.071094
0.000000 0.749219 0.093750 0.061719 0.088281
0.000000 0.781250 0.100000 0.081250 0.097656
