0.000000 0.535937 0.617969 0.171875 0.592187
0.000000 0.003125 0.479687 0.006250 0.275000
0.000000 0.036719 0.607031 0.073438 0.476562
0.000000 0.032031 0.367969 0.039062 0.052344
0.000000 0.060156 0.360938 0.044531 0.092969
0.000000 0.094531 0.355469 0.020313 0.060937
0.000000 0.128906 0.356250 0.030469 0.086719
0.000000 0.160938 0.361719 0.032031 0.088281
0.000000 0.187500 0.355469 0.027344 0.060156
0.000000 0.221094 0.353125 0.027344 0.055469
0.000000 0.231250 0.497656 0.100781 0.314063
0.000000 0.294531 0.344531 0.035937 0.098437
0.000000 0.302344 0.570312 0.148438 0.450781
0.000000 0.316406 0.342187 0.023438 0.035156
0.000000 0.339062 0.354687 0.044531 0.119531
0.000000 0.393750 0.364844 0.047656 0.103906
0.000000 0.428125 0.457813 0.086719 0.269531
0.000000 0.490625 0.473438 0.107031 0.268750
0.000000 0.537500 0.287500 0.062500 0.081250
0.000000 0.614844 0.287500 0.050781 0.078125
0.000000 0.631250 0.549219 0.143750 0.482812
0.000000 0.677344 0.598437 0.142969 0.502344
0.000000 0.735938 0.393750 0.056250 0.181250
0.000000 0.771875 0.432812 0.071875 0.244531
0.000000 0.782813 0.473438 0.092969 0.378125
0.000000 0.823438 0.533594 0.100781 0.389844
0.000000 0.882031 0.293750 0.044531 0.062500
0.000000 0.881250 0.480469 0.096875 0.338281
0.000000 0.907813 0.429688 0.071875 0.253906
0.000000 0.932813 0.443750 0.050781 0.274219
