0.000000 0.605469 0.673438 0.101562 0.559375
0.000000 0.030469 0.487500 0.051562 0.262500
0.000000 0.067187 0.614062 0.114844 0.446875
0.000000 0.081250 0.382812 0.032031 0.046094
0.000000 0.108594 0.378125 0.032813 0.086719
0.000000 0.142187 0.375000 0.012500 0.057031
0.000000 0.175000 0.378125 0.019531 0.081250
0.000000 0.209375 0.388281 0.021875 0.082812
0.000000 0.233594 0.384375 0.020313 0.055469
0.000000 0.266406 0.383594 0.020313 0.051562
0.000000 0.292969 0.528906 0.064062 0.295312
0.000000 0.337500 0.382812 0.024219 0.091406
0.000000 0.371875 0.604688 0.093750 0.424219
0.000000 0.359375 0.382812 0.019531 0.031250
0.000000 0.382812 0.398438 0.030469 0.111719
0.000000 0.437500 0.410938 0.034375 0.096094
0.000000 0.482031 0.506250 0.054688 0.253125
0.000000 0.545312 0.526563 0.074219 0.250000
0.000000 0.571094 0.350000 0.051562 0.071875
0.000000 0.645312 0.356250 0.040625 0.071875
0.000000 0.691406 0.615625 0.085938 0.456250
0.000000 0.742969 0.667188 0.082812 0.475781
0.000000 0.777344 0.471875 0.035937 0.171094
0.000000 0.816406 0.514062 0.042188 0.231250
0.000000 0.832031 0.554688 0.048438 0.359375
0.000000 0.878125 0.615625 0.053906 0.369531
0.000000 0.908594 0.387500 0.035937 0.055469
0.000000 0.929688 0.568750 0.056250 0.319531
0.000000 0.950000 0.521875 0.040625 0.240625
0.000000 0.984375 0.540625 0.031250 0.262500
