2.000000 0.077344 0.359375 0.147656 0.571875
2.000000 0.112500 0.375000 0.219531 0.560156
2.000000 0.171875 0.365625 0.256250 0.553125
2.000000 0.250781 0.412500 0.236719 0.481250
2.000000 0.357031 0.402344 0.327344 0.574219
2.000000 0.485156 0.450781 0.230469 0.517188
2.000000 0.506250 0.503125 0.268750 0.507031
2.000000 0.601562 0.582031 0.196875 0.417187
2.000000 0.647656 0.624219 0.273438 0.507031
2.000000 0.749219 0.748437 0.244531 0.396094
2.000000 0.798438 0.513281 0.182031 0.292969
2.000000 0.850781 0.685937 0.252344 0.567969
