2.000000 0.095312 0.479687 0.117969 0.482031
2.000000 0.157812 0.484375 0.122656 0.452344
2.000000 0.229687 0.457813 0.103906 0.443750
2.000000 0.301563 0.478906 0.103125 0.382812
2.000000 0.386719 0.446094 0.164062 0.445312
2.000000 0.498437 0.454688 0.088281 0.418750
2.000000 0.524219 0.492969 0.126562 0.398438
2.000000 0.615625 0.535937 0.082031 0.333594
2.000000 0.660937 0.559375 0.131250 0.396875
2.000000 0.762500 0.639062 0.131250 0.302344
2.000000 0.764062 0.433594 0.097656 0.223438
2.000000 0.835938 0.562500 0.096875 0.459375
