0.000000 0.476562 0.549219 0.066406 0.179688
0.000000 0.032031 0.501563 0.054688 0.187500
0.000000 0.175781 0.453125 0.029687 0.146875
0.000000 0.225000 0.639844 0.119531 0.279687
0.000000 0.202344 0.461719 0.023438 0.132812
0.000000 0.231250 0.471875 0.042969 0.166406
0.000000 0.268750 0.459375 0.038281 0.140625
0.000000 0.392969 0.466406 0.045312 0.173437
0.000000 0.420312 0.464062 0.039844 0.096094
0.000000 0.463281 0.462500 0.026562 0.087500
0.000000 0.610938 0.442188 0.050781 0.128906
0.000000 0.628906 0.496094 0.048438 0.148438
0.000000 0.728906 0.482812 0.042188 0.178125
0.000000 0.764844 0.514062 0.107813 0.222656
0.000000 0.893750 0.464062 0.057031 0.196875
