0.000000 0.458594 0.585938 0.089063 0.190625
0.000000 0.024219 0.542969 0.048438 0.198437
0.000000 0.152344 0.492969 0.048438 0.151562
0.000000 0.210938 0.681250 0.155469 0.300000
0.000000 0.181250 0.501563 0.039844 0.136719
0.000000 0.208594 0.513281 0.064844 0.173437
0.000000 0.246875 0.500000 0.055469 0.147656
0.000000 0.370312 0.504687 0.067969 0.181250
0.000000 0.398438 0.502344 0.052344 0.102344
0.000000 0.440625 0.500781 0.038281 0.091406
0.000000 0.588281 0.479687 0.067969 0.137500
0.000000 0.607031 0.532813 0.067187 0.156250
0.000000 0.707812 0.517969 0.064844 0.185938
0.000000 0.744531 0.548438 0.135937 0.240625
0.000000 0.871875 0.497656 0.082031 0.207031
