2.000000 0.062500 0.542188 0.125000 0.565625
2.000000 0.148438 0.596094 0.296875 0.582812
2.000000 0.275000 0.684375 0.290625 0.512500
2.000000 0.389062 0.719531 0.218750 0.382031
2.000000 0.484375 0.735156 0.218750 0.372656
2.000000 0.585938 0.742969 0.208594 0.363281
2.000000 0.655469 0.760938 0.148438 0.250000
2.000000 0.692969 0.783594 0.135156 0.229687
2.000000 0.765625 0.766406 0.187500 0.302344
2.000000 0.832031 0.826562 0.164062 0.253125
2.000000 0.517188 0.839844 0.378906 0.314063
2.000000 0.695312 0.887500 0.217969 0.211719
2.000000 0.789844 0.900781 0.205469 0.182031
