2.000000 0.056250 0.717969 0.111719 0.564063
2.000000 0.223438 0.712500 0.093750 0.565625
2.000000 0.356250 0.748437 0.106250 0.500781
2.000000 0.460156 0.710156 0.079687 0.320312
2.000000 0.542188 0.694531 0.084375 0.310937
2.000000 0.626563 0.672656 0.078125 0.304688
2.000000 0.689063 0.667188 0.058594 0.207031
2.000000 0.728125 0.673438 0.052344 0.191406
2.000000 0.782031 0.639062 0.079687 0.247656
2.000000 0.854688 0.669531 0.074219 0.204687
2.000000 0.939844 0.664062 0.092188 0.217969
2.000000 0.610938 0.835156 0.250781 0.329688
2.000000 0.776563 0.837500 0.106250 0.325000
2.000000 0.883594 0.834375 0.129688 0.330469
