0.000000 0.260937 0.542188 0.075781 0.350781
0.000000 0.032813 0.606250 0.064844 0.177344
0.000000 0.130469 0.815625 0.232813 0.368750
0.000000 0.051562 0.568750 0.063281 0.135156
0.000000 0.103906 0.564063 0.076563 0.096875
0.000000 0.192969 0.643750 0.107813 0.234375
0.000000 0.192969 0.678125 0.107813 0.205469
0.000000 0.175000 0.592187 0.064844 0.134375
0.000000 0.353125 0.807813 0.218750 0.382031
0.000000 0.759375 0.732812 0.378906 0.532031
0.000000 0.704688 0.790625 0.162500 0.372656
0.000000 0.673438 0.548438 0.063281 0.109375
0.000000 0.737500 0.604688 0.097656 0.164844
0.000000 0.854688 0.823438 0.166406 0.350781
0.000000 0.827344 0.625000 0.067187 0.134375
0.000000 0.954688 0.601562 0.089844 0.171875
