0.000000 0.228125 0.543750 0.093750 0.378125
0.000000 0.119531 0.812500 0.214062 0.375000
0.000000 0.026562 0.567187 0.033594 0.146875
0.000000 0.060937 0.561719 0.084375 0.107813
0.000000 0.158594 0.648438 0.123438 0.256250
0.000000 0.158594 0.685156 0.121094 0.226562
0.000000 0.137500 0.595313 0.074219 0.147656
0.000000 0.331250 0.808594 0.243750 0.382812
0.000000 0.761719 0.734375 0.420312 0.531250
0.000000 0.704688 0.810156 0.185156 0.379688
0.000000 0.664844 0.564844 0.071094 0.121094
0.000000 0.734375 0.628906 0.109375 0.182031
0.000000 0.867969 0.835938 0.189062 0.328125
0.000000 0.832031 0.653125 0.075781 0.147656
0.000000 0.956250 0.631250 0.086719 0.190625
