0.000000 0.050000 0.485938 0.069531 0.208594
0.000000 0.065625 0.433594 0.096094 0.064062
0.000000 0.250781 0.367188 0.042188 0.040625
0.000000 0.328906 0.349219 0.020313 0.032813
0.000000 0.360156 0.346875 0.030469 0.050781
0.000000 0.395313 0.320312 0.021875 0.037500
0.000000 0.428125 0.313281 0.038281 0.057031
0.000000 0.454688 0.300000 0.017969 0.025000
0.000000 0.485156 0.280469 0.019531 0.029687
0.000000 0.575000 0.253125 0.028125 0.046875
0.000000 0.592969 0.247656 0.029687 0.039844
0.000000 0.603906 0.258594 0.035937 0.047656
0.000000 0.608594 0.243750 0.023438 0.040625
0.000000 0.656250 0.233594 0.028125 0.035937
0.000000 0.837500 0.176563 0.227344 0.115625
