0.000000 0.007812 0.346875 0.015625 0.057031
0.000000 0.038281 0.360938 0.076563 0.180469
0.000000 0.098437 0.324219 0.081250 0.032813
0.000000 0.278125 0.326562 0.032031 0.027344
0.000000 0.352344 0.334375 0.010937 0.027344
0.000000 0.378906 0.342187 0.014063 0.041406
0.000000 0.417969 0.329688 0.010937 0.030469
0.000000 0.449219 0.335938 0.020313 0.046875
0.000000 0.476562 0.331250 0.011719 0.019531
0.000000 0.507031 0.323437 0.010937 0.024219
0.000000 0.592969 0.328906 0.014063 0.039062
0.000000 0.609375 0.329688 0.017969 0.030469
0.000000 0.617188 0.342187 0.022656 0.036719
0.000000 0.625781 0.331250 0.010937 0.034375
0.000000 0.669531 0.335938 0.017188 0.028906
0.000000 0.842187 0.343750 0.203125 0.038281
