0.000000 0.209375 0.820312 0.049219 0.211719
0.000000 0.265625 0.737500 0.010156 0.043750
0.000000 0.279687 0.732812 0.015625 0.038281
0.000000 0.296875 0.776563 0.021875 0.078906
0.000000 0.364844 0.754687 0.023438 0.097656
0.000000 0.385937 0.764062 0.036719 0.144531
0.000000 0.396094 0.757812 0.014063 0.111719
0.000000 0.427344 0.843750 0.051562 0.296094
0.000000 0.501563 0.829688 0.075781 0.297656
0.000000 0.596875 0.789062 0.068750 0.241406
0.000000 0.629687 0.798438 0.028125 0.202344
