0.000000 0.192969 0.773438 0.085938 0.236719
0.000000 0.260156 0.685937 0.017969 0.050000
0.000000 0.273438 0.682813 0.021875 0.043750
0.000000 0.289844 0.730469 0.035937 0.088281
0.000000 0.364063 0.710938 0.040625 0.108594
0.000000 0.385937 0.720313 0.062500 0.161719
0.000000 0.398438 0.714063 0.031250 0.122656
0.000000 0.425781 0.802344 0.102344 0.327344
0.000000 0.506250 0.796094 0.127344 0.335156
0.000000 0.611719 0.754687 0.110937 0.275000
0.000000 0.645312 0.764844 0.061719 0.222656
