2.000000 0.150781 0.011719 0.014063 0.023438
2.000000 0.157031 0.010156 0.014063 0.020313
2.000000 0.168750 0.014844 0.021875 0.029687
2.000000 0.186719 0.014063 0.023438 0.028125
2.000000 0.207813 0.018750 0.028125 0.037500
2.000000 0.192188 0.017188 0.021875 0.034375
2.000000 0.946875 0.077344 0.025000 0.026562
2.000000 0.664844 0.064844 0.032813 0.089063
2.000000 0.558594 0.242188 0.035937 0.093750
2.000000 0.050000 0.905469 0.046875 0.064062
2.000000 0.609375 0.725000 0.053125 0.143750
2.000000 0.619531 0.769531 0.057813 0.142187
2.000000 0.575000 0.771875 0.068750 0.153125
2.000000 0.743750 0.931250 0.068750 0.137500
2.000000 0.796094 0.939063 0.070312 0.121875
1.000000 0.214844 0.841406 0.179688 0.235937
1.000000 0.304688 0.799219 0.196875 0.223438
1.000000 0.383594 0.770312 0.192188 0.212500
1.000000 0.100781 0.507812 0.123438 0.118750
1.000000 0.169531 0.502344 0.082812 0.070312
1.000000 0.100781 0.857031 0.201563 0.195312
