2.000000 0.776563 0.490625 0.071875 0.190625
2.000000 0.960938 0.610156 0.068750 0.095312
2.000000 0.345313 0.517969 0.028125 0.057813
1.000000 0.842969 0.436719 0.232813 0.332813
1.000000 0.672656 0.058594 0.101562 0.082812
1.000000 0.837500 0.075781 0.115625 0.064062
1.000000 0.929688 0.367969 0.140625 0.273438
1.000000 0.904687 0.078906 0.103125 0.045312
1.000000 0.975781 0.315625 0.048438 0.240625
1.000000 0.389844 0.817969 0.139063 0.114062
1.000000 0.560156 0.744531 0.129688 0.110937
1.000000 0.895312 0.930469 0.087500 0.110937
1.000000 0.547656 0.662500 0.151562 0.115625
