1.000000 0.276562 0.303906 0.087500 0.057813
1.000000 0.713281 0.898438 0.114062 0.121875
1.000000 0.983594 0.292187 0.032813 0.084375
1.000000 0.870313 0.813281 0.093750 0.067187
1.000000 0.786719 0.887500 0.092188 0.103125
1.000000 0.719531 0.812500 0.098437 0.068750
1.000000 0.907031 0.167187 0.039062 0.053125
1.000000 0.822656 0.832812 0.092188 0.071875
1.000000 0.390625 0.100781 0.040625 0.032813
1.000000 0.954688 0.236719 0.056250 0.054688
2.000000 0.042969 0.916406 0.035937 0.051562
1.000000 0.670312 0.952344 0.059375 0.095312
1.000000 0.907813 0.093750 0.031250 0.034375
1.000000 0.748437 0.401562 0.043750 0.068750
1.000000 0.765625 0.782813 0.075000 0.062500
1.000000 0.886719 0.128906 0.045312 0.051562
1.000000 0.809375 0.657813 0.056250 0.050000
1.000000 0.689063 0.224219 0.040625 0.042188
1.000000 0.928125 0.760938 0.090625 0.084375
1.000000 0.800781 0.753125 0.101562 0.081250
1.000000 0.706250 0.685937 0.034375 0.050000
1.000000 0.744531 0.667188 0.051562 0.050000
1.000000 0.770312 0.621094 0.040625 0.035937
