2.000000 0.370312 0.116406 0.018750 0.045312
2.000000 0.689063 0.457813 0.040625 0.153125
2.000000 0.643750 0.432812 0.043750 0.143750
2.000000 0.670312 0.438281 0.046875 0.151562
2.000000 0.572656 0.434375 0.045312 0.134375
2.000000 0.664062 0.475000 0.046875 0.143750
2.000000 0.567187 0.462500 0.050000 0.150000
2.000000 0.626563 0.467969 0.046875 0.148438
2.000000 0.935937 0.947656 0.046875 0.104688
1.000000 0.025000 0.594531 0.050000 0.101562
1.000000 0.031250 0.668750 0.062500 0.090625
1.000000 0.092188 0.860938 0.075000 0.106250
1.000000 0.117188 0.929688 0.075000 0.071875
1.000000 0.010156 0.503906 0.020313 0.060937
1.000000 0.432031 0.305469 0.073438 0.073438
1.000000 0.402344 0.216406 0.054688 0.054688
1.000000 0.410156 0.178906 0.051562 0.042188
1.000000 0.267969 0.137500 0.042188 0.050000
