2.000000 0.093750 0.040625 0.025000 0.081250
2.000000 0.030469 0.010937 0.010937 0.021875
1.000000 0.684375 0.626563 0.121875 0.125000
1.000000 0.928906 0.448437 0.114062 0.087500
1.000000 0.767969 0.445312 0.110937 0.075000
1.000000 0.943750 0.854688 0.084375 0.168750
1.000000 0.950781 0.415625 0.098437 0.084375
1.000000 0.774219 0.331250 0.051562 0.056250
1.000000 0.737500 0.332031 0.050000 0.048438
1.000000 0.678906 0.368750 0.045312 0.040625
1.000000 0.696094 0.357031 0.057813 0.051562
1.000000 0.657813 0.378906 0.040625 0.048438
1.000000 0.036719 0.082031 0.032813 0.070312
1.000000 0.041406 0.011719 0.035937 0.023438
1.000000 0.042969 0.008594 0.035937 0.017188
1.000000 0.800000 0.532813 0.103125 0.075000
1.000000 0.743750 0.611719 0.093750 0.098437
1.000000 0.685937 0.520312 0.106250 0.065625
