1.000000 0.908594 0.414844 0.107813 0.076563
1.000000 0.498437 0.375781 0.087500 0.057813
1.000000 0.769531 0.422656 0.107813 0.070312
1.000000 0.085156 0.360156 0.064062 0.060937
1.000000 0.772656 0.918750 0.067187 0.093750
1.000000 0.853906 0.260156 0.060937 0.051562
1.000000 0.710938 0.739062 0.065625 0.081250
1.000000 0.302344 0.405469 0.117188 0.064062
1.000000 0.264062 0.296094 0.059375 0.048438
1.000000 0.371875 0.260156 0.059375 0.045312
1.000000 0.171875 0.283594 0.053125 0.048438
1.000000 0.704688 0.667188 0.056250 0.081250
1.000000 0.795312 0.405469 0.096875 0.064062
1.000000 0.646094 0.517969 0.057813 0.082812
1.000000 0.739844 0.297656 0.057813 0.051562
2.000000 0.856250 0.973437 0.028125 0.053125
1.000000 0.800781 0.238281 0.073438 0.057813
1.000000 0.121875 0.346094 0.062500 0.070312
1.000000 0.332813 0.235937 0.056250 0.043750
1.000000 0.076563 0.210156 0.062500 0.039062
1.000000 0.121094 0.300781 0.060937 0.048438
1.000000 0.410938 0.340625 0.096875 0.081250
2.000000 0.760938 0.725781 0.028125 0.070312
