2.000000 0.385937 0.285156 0.028125 0.104688
2.000000 0.361719 0.304688 0.029687 0.109375
2.000000 0.383594 0.316406 0.029687 0.107813
2.000000 0.464062 0.368750 0.034375 0.100000
2.000000 0.513281 0.382031 0.023438 0.129688
1.000000 0.629687 0.416406 0.065625 0.092188
1.000000 0.657813 0.485156 0.062500 0.079687
1.000000 0.400781 0.709375 0.145313 0.087500
1.000000 0.425781 0.667969 0.107813 0.051562
1.000000 0.395313 0.430469 0.134375 0.217188
1.000000 0.609375 0.334375 0.050000 0.109375
1.000000 0.703906 0.568750 0.064062 0.081250
1.000000 0.614062 0.583594 0.062500 0.067187
