2.000000 0.223438 0.396094 0.028125 0.123438
2.000000 0.196094 0.379688 0.026562 0.109375
2.000000 0.196875 0.419531 0.025000 0.110937
2.000000 0.739844 0.182031 0.007812 0.032813
2.000000 0.172656 0.902344 0.029687 0.145313
1.000000 0.627344 0.500000 0.101562 0.071875
1.000000 0.602344 0.425000 0.120313 0.078125
1.000000 0.956250 0.609375 0.087500 0.087500
1.000000 0.942969 0.305469 0.054688 0.064062
1.000000 0.801562 0.205469 0.034375 0.045312
1.000000 0.806250 0.167187 0.034375 0.053125
1.000000 0.694531 0.057031 0.020313 0.032813
1.000000 0.571875 0.091406 0.043750 0.026562
1.000000 0.523438 0.587500 0.046875 0.075000
2.000000 0.325781 0.789844 0.029687 0.117188
2.000000 0.346094 0.807031 0.023438 0.114062
