2.000000 0.575000 0.881250 0.034375 0.150000
2.000000 0.543750 0.894531 0.040625 0.160938
2.000000 0.595313 0.903125 0.043750 0.146875
2.000000 0.503906 0.910156 0.035937 0.139063
2.000000 0.564844 0.925000 0.035937 0.146875
2.000000 0.507812 0.934375 0.040625 0.131250
1.000000 0.521875 0.177344 0.100000 0.148438
1.000000 0.686719 0.128906 0.120313 0.126562
1.000000 0.753125 0.099219 0.106250 0.110937
1.000000 0.808594 0.071094 0.107813 0.107813
1.000000 0.901563 0.055469 0.140625 0.110937
1.000000 0.937500 0.379688 0.125000 0.181250
1.000000 0.973437 0.357812 0.050000 0.196875
1.000000 0.872656 0.409375 0.148438 0.128125
1.000000 0.150781 0.787500 0.023438 0.037500
1.000000 0.228906 0.860156 0.039062 0.048438
1.000000 0.312500 0.886719 0.053125 0.060937
1.000000 0.196875 0.761719 0.034375 0.035937
1.000000 0.151562 0.757031 0.043750 0.042188
1.000000 0.108594 0.714844 0.026562 0.035937
1.000000 0.024219 0.747656 0.023438 0.032813
