2.000000 0.370312 0.450000 0.065625 0.190625
2.000000 0.435937 0.464844 0.071875 0.176563
2.000000 0.027344 0.867969 0.054688 0.142187
2.000000 0.012500 0.903906 0.025000 0.060937
2.000000 0.013281 0.882031 0.026562 0.107813
2.000000 0.059375 0.883594 0.053125 0.123438
1.000000 0.687500 0.489063 0.140625 0.109375
1.000000 0.707031 0.634375 0.129688 0.100000
1.000000 0.745313 0.726562 0.131250 0.093750
1.000000 0.578125 0.689063 0.062500 0.071875
1.000000 0.588281 0.642188 0.054688 0.059375
1.000000 0.592969 0.584375 0.067187 0.068750
1.000000 0.599219 0.541406 0.051562 0.039062
1.000000 0.703125 0.567187 0.106250 0.081250
1.000000 0.983594 0.386719 0.032813 0.089063
1.000000 0.907031 0.255469 0.042188 0.057813
1.000000 0.871094 0.180469 0.029687 0.039062
1.000000 0.965625 0.214062 0.028125 0.034375
1.000000 0.979688 0.249219 0.040625 0.045312
