2.000000 0.599219 0.903906 0.048438 0.151562
2.000000 0.568750 0.917188 0.053125 0.159375
2.000000 0.620313 0.918750 0.056250 0.140625
2.000000 0.528906 0.934375 0.045312 0.131250
2.000000 0.591406 0.934375 0.045312 0.118750
2.000000 0.535937 0.948438 0.046875 0.103125
1.000000 0.485156 0.201563 0.110937 0.156250
1.000000 0.646094 0.139844 0.129688 0.135937
1.000000 0.709375 0.104688 0.115625 0.118750
1.000000 0.761719 0.071094 0.117188 0.117188
1.000000 0.854688 0.054688 0.150000 0.109375
1.000000 0.923438 0.367969 0.150000 0.192188
1.000000 0.959375 0.343750 0.075000 0.200000
1.000000 0.856250 0.404687 0.159375 0.140625
1.000000 0.167187 0.847656 0.028125 0.039062
1.000000 0.251563 0.915625 0.043750 0.050000
1.000000 0.336719 0.932813 0.057813 0.062500
1.000000 0.209375 0.818750 0.037500 0.037500
1.000000 0.164062 0.817187 0.046875 0.046875
1.000000 0.117188 0.779687 0.031250 0.037500
1.000000 0.050781 0.816406 0.026562 0.035937
