1.000000 0.367188 0.460156 0.056250 0.089063
1.000000 0.632812 0.479687 0.125000 0.071875
1.000000 0.184375 0.752344 0.053125 0.039062
1.000000 0.032813 0.812500 0.037500 0.050000
1.000000 0.695312 0.546094 0.162500 0.076563
1.000000 0.782813 0.460938 0.153125 0.121875
1.000000 0.410156 0.359375 0.057813 0.068750
1.000000 0.214062 0.906250 0.062500 0.059375
1.000000 0.937500 0.339062 0.096875 0.065625
1.000000 0.542188 0.539062 0.162500 0.096875
1.000000 0.464062 0.406250 0.065625 0.068750
1.000000 0.098437 0.966406 0.065625 0.067187
1.000000 0.783594 0.367188 0.114062 0.071875
1.000000 0.568750 0.339844 0.068750 0.057813
1.000000 0.671875 0.440625 0.103125 0.065625
1.000000 0.290625 0.813281 0.056250 0.051562
1.000000 0.894531 0.370312 0.098437 0.065625
1.000000 0.240625 0.835938 0.059375 0.043750
1.000000 0.864844 0.432031 0.079687 0.085938
1.000000 0.516406 0.942969 0.026562 0.060937
1.000000 0.839844 0.196875 0.073438 0.053125
1.000000 0.450000 0.340625 0.068750 0.071875
1.000000 0.353125 0.282813 0.043750 0.050000
1.000000 0.490625 0.321875 0.071875 0.065625
1.000000 0.251563 0.878906 0.056250 0.067187
1.000000 0.384375 0.269531 0.075000 0.060937
1.000000 0.609375 0.317969 0.071875 0.064062
1.000000 0.828125 0.334375 0.112500 0.071875
2.000000 0.635156 0.869531 0.026562 0.026562
1.000000 0.607031 0.130469 0.039062 0.026562
1.000000 0.737500 0.251563 0.062500 0.053125
1.000000 0.434375 0.212500 0.087500 0.043750
1.000000 0.797656 0.175000 0.051562 0.037500
