2.000000 0.664844 0.440625 0.045312 0.128125
2.000000 0.675000 0.357812 0.040625 0.121875
2.000000 0.143750 0.872656 0.031250 0.107813
1.000000 0.682031 0.259375 0.107813 0.140625
1.000000 0.858594 0.188281 0.104688 0.098437
1.000000 0.745313 0.237500 0.112500 0.125000
1.000000 0.225781 0.214062 0.110937 0.150000
1.000000 0.100000 0.447656 0.121875 0.189062
1.000000 0.347656 0.529687 0.157812 0.134375
1.000000 0.421094 0.499219 0.076563 0.182812
1.000000 0.299219 0.199219 0.098437 0.110937
1.000000 0.356250 0.176563 0.093750 0.093750
1.000000 0.400000 0.150781 0.096875 0.095312
1.000000 0.809375 0.214062 0.090625 0.100000
1.000000 0.910937 0.511719 0.156250 0.139063
1.000000 0.791406 0.542188 0.123438 0.075000
