2.000000 0.334375 0.114844 0.015625 0.042188
2.000000 0.662500 0.432812 0.034375 0.150000
2.000000 0.617188 0.410938 0.037500 0.140625
2.000000 0.645312 0.416406 0.037500 0.148438
2.000000 0.547656 0.414844 0.035937 0.129688
2.000000 0.639844 0.450781 0.039062 0.139063
2.000000 0.544531 0.442969 0.042188 0.145313
2.000000 0.603125 0.446094 0.040625 0.145313
2.000000 0.932031 0.914062 0.039062 0.128125
2.000000 0.968750 0.875000 0.031250 0.093750
1.000000 0.020313 0.600000 0.040625 0.093750
1.000000 0.028906 0.672656 0.057813 0.085938
1.000000 0.100000 0.857031 0.068750 0.101562
1.000000 0.127344 0.935937 0.073438 0.093750
1.000000 0.010156 0.514844 0.020313 0.057813
1.000000 0.403125 0.296875 0.068750 0.068750
1.000000 0.371094 0.211719 0.051562 0.051562
1.000000 0.377344 0.173437 0.048438 0.040625
1.000000 0.235156 0.142969 0.039062 0.045312
1.000000 0.945312 0.941406 0.068750 0.117188
