2.000000 0.338281 0.220312 0.032813 0.118750
2.000000 0.364844 0.193750 0.026562 0.109375
2.000000 0.392969 0.216406 0.029687 0.110937
2.000000 0.736719 0.042969 0.020313 0.085938
2.000000 0.785937 0.133594 0.025000 0.089063
2.000000 0.757031 0.135156 0.023438 0.089063
2.000000 0.775000 0.199219 0.018750 0.076563
2.000000 0.285156 0.965625 0.020313 0.062500
1.000000 0.587500 0.416406 0.090625 0.154688
1.000000 0.822656 0.388281 0.092188 0.135937
1.000000 0.785937 0.319531 0.059375 0.079687
1.000000 0.741406 0.239844 0.064062 0.085938
1.000000 0.607031 0.150781 0.067187 0.089063
1.000000 0.717187 0.167187 0.062500 0.090625
1.000000 0.682813 0.084375 0.078125 0.112500
1.000000 0.639844 0.020313 0.054688 0.040625
1.000000 0.443750 0.571875 0.059375 0.137500
