2.000000 0.764062 0.447656 0.043750 0.173437
2.000000 0.957812 0.521094 0.059375 0.082812
2.000000 0.375781 0.556250 0.017188 0.050000
1.000000 0.813281 0.385156 0.179688 0.292187
1.000000 0.583594 0.044531 0.085938 0.089063
1.000000 0.735938 0.018750 0.103125 0.037500
1.000000 0.910156 0.302344 0.160938 0.239063
1.000000 0.797656 0.008594 0.095312 0.017188
1.000000 0.948438 0.243750 0.093750 0.218750
1.000000 0.474219 0.818750 0.120313 0.090625
1.000000 0.614844 0.721094 0.110937 0.089063
1.000000 0.960156 0.823438 0.079687 0.096875
1.000000 0.589063 0.647656 0.131250 0.092188
