2.000000 0.016406 0.432031 0.023438 0.089063
2.000000 0.005469 0.432031 0.010937 0.085938
2.000000 0.120313 0.532031 0.046875 0.139063
2.000000 0.087500 0.541406 0.034375 0.139063
2.000000 0.469531 0.344531 0.014063 0.048438
2.000000 0.479687 0.346875 0.015625 0.050000
2.000000 0.577344 0.392188 0.020313 0.075000
2.000000 0.612500 0.394531 0.021875 0.082812
2.000000 0.570312 0.397656 0.037500 0.064062
2.000000 0.910156 0.548438 0.048438 0.090625
2.000000 0.876563 0.551562 0.046875 0.090625
2.000000 0.140625 0.921094 0.056250 0.157812
2.000000 0.088281 0.926562 0.054688 0.146875
2.000000 0.877344 0.639062 0.029687 0.081250
2.000000 0.978125 0.853906 0.028125 0.085938
1.000000 0.792969 0.655469 0.092188 0.114062
1.000000 0.835156 0.740625 0.070312 0.090625
1.000000 0.870313 0.807031 0.071875 0.089063
1.000000 0.921875 0.889844 0.075000 0.082812
1.000000 0.953125 0.925000 0.093750 0.093750
1.000000 0.670312 0.534375 0.162500 0.156250
