2.000000 0.739844 0.472656 0.035937 0.164062
2.000000 0.922656 0.548438 0.054688 0.078125
2.000000 0.367188 0.563281 0.015625 0.048438
1.000000 0.789062 0.415625 0.162500 0.271875
1.000000 0.583594 0.062500 0.079687 0.121875
1.000000 0.729688 0.040625 0.096875 0.081250
1.000000 0.885938 0.339844 0.146875 0.223438
1.000000 0.788281 0.025000 0.089063 0.050000
1.000000 0.941406 0.284375 0.117188 0.206250
1.000000 0.452344 0.817969 0.110937 0.082812
1.000000 0.590625 0.728125 0.103125 0.081250
1.000000 0.939844 0.839844 0.120313 0.089063
1.000000 0.566406 0.657031 0.123438 0.082812
