2.000000 0.185156 0.407031 0.045312 0.132812
2.000000 0.153906 0.393750 0.042188 0.118750
2.000000 0.160156 0.434375 0.042188 0.118750
2.000000 0.693750 0.117969 0.012500 0.035937
2.000000 0.196875 0.931250 0.050000 0.137500
1.000000 0.617969 0.464062 0.114062 0.087500
1.000000 0.583594 0.389062 0.135937 0.096875
1.000000 0.960938 0.535156 0.078125 0.101562
1.000000 0.921875 0.220312 0.065625 0.071875
1.000000 0.760938 0.135156 0.040625 0.051562
1.000000 0.762500 0.094531 0.043750 0.060937
1.000000 0.632031 0.007812 0.023438 0.015625
1.000000 0.508594 0.044531 0.048438 0.032813
1.000000 0.521875 0.568750 0.059375 0.084375
2.000000 0.341406 0.803906 0.045312 0.126562
2.000000 0.365625 0.819531 0.037500 0.120313
