2.000000 0.396875 0.144531 0.021875 0.098437
2.000000 0.414062 0.157031 0.021875 0.095312
2.000000 0.081250 0.435937 0.025000 0.100000
2.000000 0.338281 0.471094 0.026562 0.129688
2.000000 0.065625 0.489063 0.028125 0.090625
2.000000 0.052344 0.509375 0.026562 0.078125
2.000000 0.682031 0.912500 0.042188 0.159375
2.000000 0.650781 0.717187 0.039062 0.134375
2.000000 0.621094 0.789844 0.039062 0.135937
2.000000 0.622656 0.754687 0.035937 0.150000
2.000000 0.688281 0.736719 0.035937 0.129688
2.000000 0.639844 0.902344 0.039062 0.135937
1.000000 0.592969 0.438281 0.098437 0.220312
1.000000 0.222656 0.488281 0.129688 0.123438
1.000000 0.111719 0.826562 0.129688 0.106250
1.000000 0.082812 0.732031 0.121875 0.082812
1.000000 0.072656 0.657813 0.101562 0.065625
1.000000 0.056250 0.590625 0.112500 0.081250
