2.000000 0.347656 0.146875 0.020313 0.071875
2.000000 0.277344 0.143750 0.023438 0.071875
2.000000 0.202344 0.139844 0.017188 0.067187
2.000000 0.186719 0.147656 0.017188 0.070312
2.000000 0.159375 0.140625 0.015625 0.059375
2.000000 0.886719 0.178906 0.014063 0.060937
2.000000 0.727344 0.177344 0.014063 0.029687
2.000000 0.843750 0.182031 0.021875 0.073438
2.000000 0.237500 0.475000 0.012500 0.043750
2.000000 0.556250 0.492188 0.012500 0.056250
2.000000 0.982031 0.509375 0.023438 0.103125
2.000000 0.686719 0.506250 0.020313 0.090625
2.000000 0.676562 0.506250 0.025000 0.096875
1.000000 0.308594 0.596094 0.123438 0.082812
1.000000 0.329688 0.671094 0.103125 0.073438
1.000000 0.194531 0.758594 0.110937 0.082812
1.000000 0.189062 0.467187 0.071875 0.068750
1.000000 0.533594 0.403125 0.039062 0.046875
1.000000 0.592187 0.416406 0.040625 0.067187
1.000000 0.532031 0.360156 0.032813 0.042188
1.000000 0.625781 0.508594 0.029687 0.067187
