1.000000 0.889062 0.393750 0.100000 0.065625
1.000000 0.489063 0.391406 0.081250 0.048438
1.000000 0.756250 0.414062 0.100000 0.059375
1.000000 0.086719 0.410938 0.057813 0.056250
1.000000 0.801562 0.893750 0.059375 0.087500
1.000000 0.825000 0.249219 0.056250 0.045312
1.000000 0.725781 0.725000 0.057813 0.075000
1.000000 0.301563 0.435937 0.109375 0.053125
1.000000 0.256250 0.333594 0.053125 0.042188
1.000000 0.357031 0.289844 0.054688 0.039062
1.000000 0.164844 0.329688 0.048438 0.043750
1.000000 0.714063 0.654687 0.046875 0.075000
1.000000 0.779687 0.394531 0.090625 0.054688
1.000000 0.643750 0.515625 0.050000 0.075000
1.000000 0.717187 0.294531 0.053125 0.045312
2.000000 0.887500 0.947656 0.021875 0.064062
1.000000 0.769531 0.232813 0.067187 0.050000
1.000000 0.123438 0.393750 0.056250 0.062500
1.000000 0.316406 0.268750 0.051562 0.037500
1.000000 0.066406 0.267188 0.057813 0.034375
1.000000 0.118750 0.350000 0.056250 0.043750
1.000000 0.401562 0.364844 0.087500 0.070312
2.000000 0.774219 0.707031 0.020313 0.067187
