2.000000 0.673438 0.440625 0.050000 0.125000
2.000000 0.692969 0.363281 0.045312 0.120313
2.000000 0.122656 0.794531 0.035937 0.104688
1.000000 0.711719 0.267188 0.110937 0.140625
1.000000 0.889844 0.221875 0.104688 0.100000
1.000000 0.775781 0.253906 0.114062 0.126562
1.000000 0.279687 0.171875 0.115625 0.150000
1.000000 0.129688 0.380469 0.125000 0.189062
1.000000 0.360156 0.489063 0.157812 0.140625
1.000000 0.432812 0.468750 0.084375 0.181250
1.000000 0.352344 0.165625 0.101562 0.112500
1.000000 0.407813 0.151562 0.093750 0.093750
1.000000 0.453906 0.131250 0.098437 0.096875
1.000000 0.839063 0.240625 0.090625 0.100000
1.000000 0.902344 0.538281 0.157812 0.142187
1.000000 0.784375 0.552344 0.121875 0.076563
