2.000000 0.289062 0.135937 0.053125 0.140625
2.000000 0.316406 0.100781 0.042188 0.129688
2.000000 0.351562 0.123438 0.046875 0.131250
2.000000 0.735938 0.012500 0.028125 0.025000
2.000000 0.791406 0.017188 0.035937 0.034375
2.000000 0.757812 0.019531 0.034375 0.039062
2.000000 0.787500 0.058594 0.031250 0.089063
2.000000 0.314063 0.980469 0.028125 0.039062
1.000000 0.597656 0.330469 0.123438 0.189062
1.000000 0.864062 0.271094 0.121875 0.167187
1.000000 0.814063 0.194531 0.078125 0.098437
1.000000 0.753125 0.108594 0.084375 0.107813
1.000000 0.585938 0.038281 0.084375 0.076563
1.000000 0.714844 0.042188 0.082812 0.084375
1.000000 0.675000 0.024219 0.096875 0.048438
1.000000 0.623437 0.007031 0.065625 0.014063
1.000000 0.451562 0.528125 0.084375 0.165625
