2.000000 0.172656 0.139844 0.017188 0.070312
2.000000 0.111719 0.079687 0.017188 0.075000
1.000000 0.700781 0.613281 0.098437 0.101562
1.000000 0.901563 0.450781 0.093750 0.070312
1.000000 0.764844 0.454688 0.092188 0.059375
1.000000 0.950000 0.796875 0.100000 0.140625
1.000000 0.931250 0.423438 0.100000 0.068750
1.000000 0.764844 0.358594 0.042188 0.045312
1.000000 0.734375 0.360156 0.040625 0.039062
1.000000 0.686719 0.394531 0.035937 0.032813
1.000000 0.700000 0.383594 0.046875 0.042188
1.000000 0.667969 0.403906 0.032813 0.039062
1.000000 0.029687 0.179688 0.050000 0.059375
1.000000 0.071094 0.088281 0.057813 0.082812
1.000000 0.041406 0.030469 0.060937 0.060937
1.000000 0.796094 0.528125 0.085938 0.059375
1.000000 0.752344 0.597656 0.076563 0.079687
1.000000 0.697656 0.522656 0.089063 0.051562
