1.000000 0.384375 0.436719 0.050000 0.082812
1.000000 0.636719 0.468750 0.117188 0.062500
1.000000 0.195312 0.706250 0.050000 0.034375
1.000000 0.033594 0.757031 0.064062 0.045312
1.000000 0.693750 0.535937 0.153125 0.065625
1.000000 0.781250 0.457813 0.140625 0.109375
1.000000 0.431250 0.342969 0.053125 0.064062
1.000000 0.215625 0.854688 0.056250 0.053125
1.000000 0.935937 0.349219 0.090625 0.057813
1.000000 0.547656 0.521094 0.151562 0.085938
1.000000 0.480469 0.389844 0.060937 0.060937
1.000000 0.103125 0.910937 0.059375 0.068750
1.000000 0.787500 0.368750 0.106250 0.062500
1.000000 0.582812 0.331250 0.062500 0.053125
1.000000 0.676562 0.433594 0.096875 0.057813
1.000000 0.294531 0.769531 0.051562 0.045312
1.000000 0.892969 0.378125 0.092188 0.059375
1.000000 0.244531 0.789844 0.054688 0.039062
1.000000 0.860938 0.435937 0.071875 0.078125
1.000000 0.503125 0.903906 0.021875 0.057813
1.000000 0.849219 0.208594 0.067187 0.048438
1.000000 0.470313 0.325781 0.062500 0.064062
1.000000 0.380469 0.267188 0.039062 0.046875
1.000000 0.510156 0.311719 0.064062 0.060937
1.000000 0.252344 0.830469 0.051562 0.060937
1.000000 0.410938 0.255469 0.068750 0.054688
1.000000 0.622656 0.314063 0.067187 0.059375
1.000000 0.831250 0.339062 0.103125 0.062500
2.000000 0.804688 0.988281 0.018750 0.023438
2.000000 0.621094 0.840625 0.023438 0.025000
1.000000 0.630469 0.132812 0.035937 0.025000
1.000000 0.749219 0.256250 0.057813 0.046875
1.000000 0.460938 0.203125 0.081250 0.037500
1.000000 0.810156 0.185156 0.048438 0.032813
