2.000000 0.385937 0.460156 0.046875 0.201563
2.000000 0.455469 0.464844 0.054688 0.185938
2.000000 0.087500 0.943750 0.043750 0.112500
2.000000 0.053906 0.988281 0.045312 0.023438
2.000000 0.055469 0.962500 0.042188 0.075000
2.000000 0.125781 0.953125 0.042188 0.093750
1.000000 0.728125 0.449219 0.140625 0.101562
1.000000 0.772656 0.600000 0.129688 0.090625
1.000000 0.828906 0.691406 0.132812 0.085938
1.000000 0.645312 0.678906 0.059375 0.073438
1.000000 0.648438 0.627344 0.053125 0.057813
1.000000 0.642188 0.564063 0.065625 0.068750
1.000000 0.641406 0.517969 0.051562 0.035937
1.000000 0.757812 0.527344 0.106250 0.076563
1.000000 0.921094 0.164062 0.039062 0.056250
1.000000 0.870313 0.089063 0.028125 0.040625
1.000000 0.977344 0.109375 0.026562 0.034375
1.000000 0.985938 0.143750 0.015625 0.043750
