2.000000 0.036719 0.125781 0.014063 0.048438
2.000000 0.042969 0.126562 0.014063 0.043750
2.000000 0.059375 0.134375 0.021875 0.062500
2.000000 0.078125 0.135156 0.021875 0.060937
2.000000 0.102344 0.139844 0.026562 0.067187
2.000000 0.086719 0.142187 0.020313 0.065625
2.000000 0.852344 0.010937 0.026562 0.021875
2.000000 0.934375 0.016406 0.015625 0.032813
2.000000 0.572656 0.069531 0.029687 0.092188
2.000000 0.517969 0.275000 0.032813 0.096875
2.000000 0.706250 0.740625 0.050000 0.150000
2.000000 0.727344 0.782813 0.054688 0.146875
2.000000 0.684375 0.799219 0.065625 0.157812
2.000000 0.900781 0.896094 0.060937 0.120313
2.000000 0.954688 0.892188 0.059375 0.115625
1.000000 0.341406 0.924219 0.173437 0.151562
1.000000 0.423438 0.893750 0.196875 0.212500
1.000000 0.495312 0.850781 0.193750 0.214062
1.000000 0.139063 0.670312 0.125000 0.118750
1.000000 0.204687 0.645312 0.084375 0.071875
1.000000 0.234375 0.959375 0.193750 0.081250
