2.000000 0.546094 0.884375 0.023438 0.128125
2.000000 0.518750 0.894531 0.028125 0.139063
2.000000 0.562500 0.903906 0.031250 0.126562
2.000000 0.482812 0.906250 0.025000 0.118750
2.000000 0.535937 0.925000 0.025000 0.131250
2.000000 0.485938 0.935156 0.028125 0.126562
1.000000 0.532031 0.273438 0.079687 0.125000
1.000000 0.677344 0.238281 0.098437 0.104688
1.000000 0.734375 0.217188 0.087500 0.090625
1.000000 0.783594 0.194531 0.089063 0.089063
1.000000 0.867188 0.178125 0.115625 0.106250
1.000000 0.910937 0.466406 0.159375 0.151562
1.000000 0.949219 0.450000 0.101562 0.168750
1.000000 0.824219 0.489844 0.123438 0.104688
1.000000 0.183594 0.784375 0.020313 0.031250
1.000000 0.248438 0.850781 0.031250 0.039062
1.000000 0.318750 0.878125 0.043750 0.050000
1.000000 0.225000 0.764062 0.028125 0.028125
1.000000 0.185156 0.757031 0.035937 0.035937
1.000000 0.150000 0.719531 0.021875 0.029687
1.000000 0.018750 0.743750 0.037500 0.028125
