2.000000 0.400000 0.110156 0.034375 0.117188
2.000000 0.422656 0.123438 0.032813 0.112500
2.000000 0.056250 0.477344 0.037500 0.117188
2.000000 0.358594 0.496094 0.042188 0.154688
2.000000 0.040625 0.538281 0.040625 0.107813
2.000000 0.028125 0.564844 0.037500 0.092188
2.000000 0.792188 0.935156 0.056250 0.095312
2.000000 0.746094 0.759375 0.057813 0.159375
2.000000 0.716406 0.846875 0.057813 0.162500
2.000000 0.714063 0.804688 0.053125 0.178125
2.000000 0.791406 0.778906 0.051562 0.154688
2.000000 0.743750 0.939844 0.053125 0.092188
1.000000 0.655469 0.437500 0.132812 0.265625
1.000000 0.225781 0.525781 0.160938 0.154688
1.000000 0.122656 0.929688 0.160938 0.134375
1.000000 0.086719 0.821875 0.135937 0.106250
1.000000 0.069531 0.733594 0.110937 0.082812
1.000000 0.058594 0.657813 0.101562 0.103125
