2.000000 0.661719 0.432031 0.039062 0.120313
2.000000 0.673438 0.353125 0.034375 0.115625
2.000000 0.149219 0.827344 0.026562 0.101562
1.000000 0.683594 0.257812 0.098437 0.131250
1.000000 0.854688 0.196875 0.096875 0.090625
1.000000 0.745313 0.239063 0.103125 0.115625
1.000000 0.249219 0.201563 0.101562 0.140625
1.000000 0.120313 0.418750 0.109375 0.178125
1.000000 0.355469 0.506250 0.145313 0.125000
1.000000 0.425781 0.478906 0.067187 0.173437
1.000000 0.321094 0.187500 0.092188 0.103125
1.000000 0.374219 0.169531 0.085938 0.085938
1.000000 0.417969 0.146875 0.089063 0.087500
1.000000 0.807031 0.219531 0.082812 0.092188
1.000000 0.894531 0.507812 0.145313 0.128125
1.000000 0.778125 0.532031 0.115625 0.067187
