2.000000 0.135937 0.063281 0.028125 0.026562
2.000000 0.101562 0.073438 0.028125 0.034375
2.000000 0.182031 0.796875 0.035937 0.078125
2.000000 0.758594 0.394531 0.017188 0.017188
1.000000 0.419531 0.314063 0.279687 0.240625
1.000000 0.439063 0.910937 0.137500 0.109375
1.000000 0.591406 0.719531 0.089063 0.076563
1.000000 0.392969 0.596875 0.057813 0.056250
1.000000 0.465625 0.542188 0.056250 0.056250
1.000000 0.496094 0.579688 0.060937 0.050000
1.000000 0.210156 0.612500 0.067187 0.053125
1.000000 0.206250 0.706250 0.065625 0.071875
1.000000 0.280469 0.712500 0.067187 0.065625
1.000000 0.264062 0.663281 0.053125 0.060937
1.000000 0.094531 0.665625 0.073438 0.056250
1.000000 0.032031 0.671094 0.026562 0.042188
1.000000 0.248438 0.575000 0.053125 0.040625
1.000000 0.322656 0.558594 0.057813 0.051562
1.000000 0.338281 0.510156 0.039062 0.029687
1.000000 0.264062 0.560937 0.065625 0.053125
