2.000000 0.239063 0.119531 0.034375 0.079687
2.000000 0.164062 0.128125 0.037500 0.081250
2.000000 0.082031 0.135937 0.029687 0.075000
2.000000 0.066406 0.146094 0.029687 0.076563
2.000000 0.036719 0.143750 0.026562 0.065625
2.000000 0.818750 0.061719 0.025000 0.067187
2.000000 0.650000 0.088281 0.018750 0.032813
2.000000 0.774219 0.071875 0.035937 0.081250
2.000000 0.175781 0.487500 0.020313 0.050000
2.000000 0.520312 0.451562 0.021875 0.062500
2.000000 0.977344 0.399219 0.042188 0.114062
2.000000 0.660937 0.445312 0.037500 0.100000
2.000000 0.650000 0.447656 0.043750 0.107813
1.000000 0.273438 0.605469 0.146875 0.110937
1.000000 0.307812 0.682031 0.121875 0.095312
1.000000 0.179688 0.797656 0.134375 0.107813
1.000000 0.121875 0.486719 0.087500 0.085938
1.000000 0.481250 0.361719 0.050000 0.057813
1.000000 0.544531 0.365625 0.054688 0.078125
1.000000 0.471875 0.315625 0.040625 0.050000
1.000000 0.596875 0.458594 0.043750 0.076563
