1.000000 0.250000 0.349219 0.078125 0.045312
1.000000 0.748437 0.862500 0.096875 0.106250
1.000000 0.945312 0.239844 0.056250 0.073438
1.000000 0.889062 0.758594 0.084375 0.054688
1.000000 0.817969 0.842187 0.076563 0.090625
1.000000 0.744531 0.778125 0.089063 0.056250
1.000000 0.838281 0.132812 0.032813 0.046875
1.000000 0.846875 0.784375 0.081250 0.059375
1.000000 0.332031 0.138281 0.035937 0.026562
1.000000 0.976562 0.161719 0.040625 0.032813
1.000000 0.891406 0.193750 0.048438 0.046875
2.000000 0.107031 0.973437 0.029687 0.053125
1.000000 0.718750 0.934375 0.040625 0.115625
1.000000 0.986719 0.300781 0.026562 0.054688
1.000000 0.827344 0.062500 0.026562 0.031250
1.000000 0.715625 0.379688 0.034375 0.062500
1.000000 0.785156 0.742969 0.067187 0.051562
1.000000 0.811719 0.099219 0.039062 0.045312
1.000000 0.809375 0.617188 0.050000 0.040625
1.000000 0.634375 0.216406 0.034375 0.035937
1.000000 0.946875 0.703906 0.096875 0.070312
1.000000 0.814063 0.710156 0.090625 0.067187
1.000000 0.714063 0.657813 0.028125 0.043750
1.000000 0.748437 0.635938 0.043750 0.043750
1.000000 0.767969 0.587500 0.035937 0.031250
