1.000000 0.385937 0.421094 0.059375 0.089063
1.000000 0.641406 0.476562 0.126562 0.075000
1.000000 0.167187 0.680469 0.053125 0.039062
1.000000 0.014844 0.716406 0.029687 0.051562
1.000000 0.693750 0.550781 0.162500 0.079687
1.000000 0.789844 0.478125 0.154688 0.125000
1.000000 0.442969 0.328906 0.060937 0.070312
1.000000 0.174219 0.834375 0.064062 0.059375
1.000000 0.954688 0.380469 0.090625 0.067187
1.000000 0.546094 0.522656 0.164062 0.101562
1.000000 0.488281 0.382031 0.067187 0.067187
1.000000 0.055469 0.882031 0.067187 0.076563
1.000000 0.805469 0.388281 0.114062 0.073438
1.000000 0.598437 0.331250 0.068750 0.059375
1.000000 0.685156 0.442969 0.104688 0.067187
1.000000 0.264062 0.753906 0.056250 0.051562
1.000000 0.912500 0.407031 0.100000 0.067187
1.000000 0.210938 0.770312 0.059375 0.043750
1.000000 0.874219 0.462500 0.079687 0.087500
1.000000 0.465625 0.911719 0.028125 0.060937
1.000000 0.882031 0.228125 0.073438 0.056250
1.000000 0.483594 0.314844 0.070312 0.070312
1.000000 0.398438 0.247656 0.043750 0.051562
1.000000 0.525781 0.304688 0.070312 0.068750
1.000000 0.216406 0.813281 0.057813 0.067187
1.000000 0.428906 0.237500 0.076563 0.062500
1.000000 0.641406 0.317188 0.073438 0.065625
1.000000 0.852344 0.362500 0.110937 0.071875
2.000000 0.591406 0.856250 0.026562 0.028125
1.000000 0.665625 0.132812 0.037500 0.028125
1.000000 0.775000 0.269531 0.062500 0.051562
1.000000 0.485938 0.188281 0.087500 0.045312
1.000000 0.843750 0.201563 0.053125 0.037500
