1.000000 0.328906 0.672656 0.151562 0.132812
1.000000 0.751563 0.238281 0.106250 0.089063
1.000000 0.707031 0.258594 0.082812 0.089063
1.000000 0.772656 0.747656 0.067187 0.042188
1.000000 0.957812 0.871875 0.081250 0.084375
1.000000 0.648438 0.278906 0.090625 0.101562
1.000000 0.852344 0.885938 0.092188 0.065625
1.000000 0.621875 0.834375 0.043750 0.050000
1.000000 0.975000 0.949219 0.050000 0.064062
1.000000 0.943750 0.531250 0.037500 0.028125
1.000000 0.851562 0.970313 0.134375 0.059375
2.000000 0.828125 0.082031 0.018750 0.057813
