1.000000 0.312500 0.653906 0.165625 0.148438
1.000000 0.779687 0.265625 0.115625 0.100000
1.000000 0.734375 0.280469 0.093750 0.098437
1.000000 0.748437 0.775781 0.071875 0.048438
1.000000 0.918750 0.917969 0.087500 0.092188
1.000000 0.672656 0.294531 0.101562 0.110937
1.000000 0.813281 0.924219 0.098437 0.076563
1.000000 0.588281 0.847656 0.048438 0.054688
1.000000 0.926562 0.982031 0.053125 0.035937
1.000000 0.943750 0.578125 0.040625 0.031250
1.000000 0.803125 0.985156 0.140625 0.029687
2.000000 0.875000 0.115625 0.025000 0.059375
