1.000000 0.963281 0.387500 0.067187 0.081250
1.000000 0.523438 0.408594 0.096875 0.060937
1.000000 0.835938 0.417187 0.118750 0.075000
1.000000 0.057813 0.456250 0.068750 0.068750
1.000000 0.915625 0.950781 0.071875 0.060937
1.000000 0.904687 0.222656 0.068750 0.054688
1.000000 0.819531 0.781250 0.070312 0.090625
1.000000 0.309375 0.472656 0.131250 0.067187
1.000000 0.249219 0.356250 0.064062 0.053125
1.000000 0.364063 0.298438 0.065625 0.046875
1.000000 0.143750 0.356250 0.059375 0.053125
1.000000 0.802344 0.701562 0.060937 0.090625
1.000000 0.861719 0.393750 0.107813 0.068750
1.000000 0.711719 0.543750 0.060937 0.090625
1.000000 0.782813 0.282031 0.065625 0.054688
1.000000 0.840625 0.206250 0.081250 0.062500
1.000000 0.098437 0.434375 0.068750 0.075000
1.000000 0.317188 0.276562 0.062500 0.046875
1.000000 0.030469 0.288281 0.060937 0.042188
1.000000 0.090625 0.383594 0.068750 0.054688
1.000000 0.421875 0.382031 0.106250 0.085938
2.000000 0.875000 0.758594 0.028125 0.079687
