2.000000 0.016406 0.049219 0.029687 0.020313
2.000000 0.007031 0.054688 0.014063 0.025000
2.000000 0.039844 0.885156 0.023438 0.089063
2.000000 0.722656 0.460938 0.020313 0.018750
2.000000 0.994531 0.847656 0.010937 0.217188
1.000000 0.328125 0.336719 0.318750 0.267188
1.000000 0.297656 0.991406 0.151562 0.017188
1.000000 0.496875 0.832031 0.100000 0.085938
1.000000 0.273438 0.671094 0.065625 0.060937
1.000000 0.364844 0.611719 0.064062 0.064062
1.000000 0.396094 0.657031 0.070312 0.054688
1.000000 0.056250 0.672656 0.078125 0.057813
1.000000 0.050000 0.782031 0.059375 0.079687
1.000000 0.132031 0.798438 0.076563 0.071875
1.000000 0.116406 0.738281 0.060937 0.070312
1.000000 0.037500 0.715625 0.043750 0.056250
1.000000 0.025000 0.710156 0.018750 0.048438
1.000000 0.104688 0.631250 0.059375 0.043750
1.000000 0.193750 0.618750 0.065625 0.056250
1.000000 0.216406 0.562500 0.045312 0.034375
1.000000 0.125000 0.616406 0.075000 0.057813
