2.000000 0.049219 0.373437 0.023438 0.087500
2.000000 0.033594 0.373437 0.023438 0.084375
2.000000 0.134375 0.484375 0.046875 0.134375
2.000000 0.103125 0.489844 0.034375 0.135937
2.000000 0.498437 0.350781 0.015625 0.048438
2.000000 0.507812 0.354687 0.015625 0.050000
2.000000 0.594531 0.410938 0.020313 0.071875
2.000000 0.629687 0.419531 0.021875 0.079687
2.000000 0.586719 0.416406 0.035937 0.060937
2.000000 0.895312 0.607031 0.046875 0.089063
2.000000 0.861719 0.604688 0.045312 0.087500
2.000000 0.102344 0.867969 0.054688 0.160938
2.000000 0.049219 0.872656 0.054688 0.164062
2.000000 0.851562 0.691406 0.028125 0.079687
2.000000 0.919531 0.911719 0.026562 0.082812
1.000000 0.766406 0.696094 0.089063 0.110937
1.000000 0.798438 0.781250 0.068750 0.087500
1.000000 0.821875 0.852344 0.068750 0.085938
1.000000 0.860156 0.937500 0.073438 0.081250
1.000000 0.889844 0.965625 0.098437 0.068750
1.000000 0.666406 0.562500 0.157812 0.153125
