2.000000 0.429688 0.310156 0.009375 0.054688
2.000000 0.419531 0.312500 0.014063 0.056250
2.000000 0.064844 0.409375 0.017188 0.037500
2.000000 0.989062 0.253125 0.018750 0.075000
1.000000 0.664844 0.631250 0.098437 0.128125
1.000000 0.531250 0.842969 0.103125 0.182812
1.000000 0.769531 0.935156 0.142187 0.129688
1.000000 0.882812 0.908594 0.150000 0.182812
1.000000 0.838281 0.572656 0.092188 0.085938
1.000000 0.788281 0.592187 0.076563 0.090625
1.000000 0.732031 0.615625 0.098437 0.112500
