2.000000 0.351562 0.097656 0.028125 0.079687
2.000000 0.277344 0.088281 0.032813 0.079687
2.000000 0.195312 0.075781 0.025000 0.073438
2.000000 0.178125 0.082812 0.025000 0.078125
2.000000 0.149219 0.073438 0.023438 0.065625
2.000000 0.931250 0.182812 0.021875 0.068750
2.000000 0.760938 0.165625 0.018750 0.034375
2.000000 0.885938 0.181250 0.031250 0.081250
2.000000 0.202344 0.441406 0.017188 0.048438
2.000000 0.543750 0.489844 0.018750 0.060937
2.000000 0.992188 0.546875 0.015625 0.112500
2.000000 0.683594 0.517969 0.029687 0.098437
2.000000 0.673438 0.516406 0.037500 0.107813
1.000000 0.268750 0.579688 0.140625 0.100000
1.000000 0.284375 0.663281 0.118750 0.089063
1.000000 0.129688 0.745313 0.128125 0.100000
1.000000 0.150000 0.428906 0.084375 0.079687
1.000000 0.529687 0.392969 0.046875 0.054688
1.000000 0.590625 0.410938 0.050000 0.075000
1.000000 0.530469 0.346094 0.039062 0.048438
1.000000 0.619531 0.514844 0.039062 0.076563
