2.000000 0.371094 0.470313 0.039062 0.184375
2.000000 0.434375 0.476562 0.046875 0.168750
2.000000 0.092969 0.928125 0.039062 0.134375
2.000000 0.059375 0.968750 0.040625 0.059375
2.000000 0.062500 0.945312 0.037500 0.106250
2.000000 0.126562 0.937500 0.037500 0.121875
1.000000 0.685156 0.465625 0.126562 0.090625
1.000000 0.722656 0.604688 0.117188 0.081250
1.000000 0.772656 0.689844 0.120313 0.076563
1.000000 0.604688 0.675000 0.053125 0.065625
1.000000 0.607812 0.627344 0.046875 0.051562
1.000000 0.605469 0.571094 0.057813 0.060937
1.000000 0.604688 0.528906 0.046875 0.032813
1.000000 0.710938 0.538281 0.096875 0.067187
1.000000 0.975000 0.325000 0.050000 0.081250
1.000000 0.865625 0.208594 0.034375 0.051562
1.000000 0.820312 0.139844 0.025000 0.035937
1.000000 0.917969 0.158594 0.023438 0.029687
1.000000 0.937500 0.190625 0.037500 0.040625
