2.000000 0.333594 0.301563 0.045312 0.112500
2.000000 0.310937 0.325781 0.046875 0.117188
2.000000 0.335156 0.335938 0.048438 0.115625
2.000000 0.425000 0.375781 0.050000 0.107813
2.000000 0.478906 0.380469 0.045312 0.135937
1.000000 0.603906 0.396875 0.082812 0.106250
1.000000 0.643750 0.463281 0.078125 0.092188
1.000000 0.415625 0.734375 0.162500 0.112500
1.000000 0.435937 0.688281 0.118750 0.070312
1.000000 0.366406 0.449219 0.173437 0.245312
1.000000 0.570312 0.316406 0.068750 0.120313
1.000000 0.704688 0.542188 0.078125 0.093750
1.000000 0.615625 0.571094 0.075000 0.079687
