2.000000 0.331250 0.121094 0.012500 0.039062
2.000000 0.649219 0.397656 0.023438 0.135937
2.000000 0.607031 0.379688 0.026562 0.128125
2.000000 0.632812 0.382812 0.028125 0.134375
2.000000 0.543750 0.387500 0.028125 0.118750
2.000000 0.628906 0.414844 0.029687 0.126562
2.000000 0.540625 0.412500 0.031250 0.131250
2.000000 0.594531 0.412500 0.029687 0.131250
2.000000 0.920312 0.826562 0.031250 0.115625
2.000000 0.957812 0.791406 0.034375 0.085938
2.000000 0.669531 0.982812 0.039062 0.031250
1.000000 0.056250 0.585156 0.059375 0.085938
1.000000 0.075000 0.649219 0.059375 0.076563
1.000000 0.153125 0.815625 0.059375 0.090625
1.000000 0.181250 0.890625 0.062500 0.087500
1.000000 0.019531 0.504687 0.039062 0.053125
1.000000 0.403906 0.285156 0.060937 0.060937
1.000000 0.371094 0.208594 0.045312 0.045312
1.000000 0.373437 0.173437 0.043750 0.034375
1.000000 0.242188 0.150000 0.034375 0.040625
1.000000 0.953906 0.884375 0.092188 0.168750
