2.000000 0.200000 0.089063 0.028125 0.075000
2.000000 0.143750 0.028906 0.028125 0.057813
1.000000 0.689063 0.648438 0.115625 0.118750
1.000000 0.918750 0.504687 0.106250 0.084375
1.000000 0.776563 0.492969 0.103125 0.073438
1.000000 0.915625 0.871094 0.103125 0.157812
1.000000 0.948438 0.481250 0.103125 0.084375
1.000000 0.789062 0.392188 0.050000 0.053125
1.000000 0.756250 0.389844 0.046875 0.045312
1.000000 0.702344 0.419531 0.042188 0.039062
1.000000 0.717969 0.410156 0.054688 0.051562
1.000000 0.682031 0.426563 0.039062 0.043750
1.000000 0.057813 0.112500 0.034375 0.065625
1.000000 0.100000 0.033594 0.071875 0.067187
1.000000 0.084375 0.012500 0.050000 0.025000
1.000000 0.798438 0.572656 0.096875 0.073438
1.000000 0.743750 0.640625 0.090625 0.093750
1.000000 0.696875 0.554688 0.100000 0.065625
