1.000000 0.264844 0.293750 0.092188 0.059375
1.000000 0.760156 0.922656 0.120313 0.129688
1.000000 0.925000 0.824219 0.093750 0.070312
1.000000 0.840625 0.908594 0.096875 0.110937
1.000000 0.764062 0.828906 0.106250 0.073438
1.000000 0.945312 0.121094 0.040625 0.054688
1.000000 0.878125 0.846875 0.096875 0.075000
1.000000 0.381250 0.067187 0.043750 0.034375
1.000000 0.983594 0.194531 0.032813 0.057813
2.000000 0.035937 0.948438 0.034375 0.015625
1.000000 0.719531 0.964844 0.054688 0.070312
1.000000 0.939844 0.052344 0.032813 0.020313
1.000000 0.780469 0.382031 0.045312 0.073438
1.000000 0.814063 0.794531 0.081250 0.064062
1.000000 0.919531 0.079687 0.048438 0.056250
1.000000 0.857031 0.657813 0.060937 0.050000
1.000000 0.708594 0.190625 0.042188 0.043750
1.000000 0.960938 0.764062 0.037500 0.081250
1.000000 0.851562 0.761719 0.109375 0.085938
1.000000 0.746094 0.690625 0.035937 0.053125
1.000000 0.785156 0.669531 0.054688 0.054688
1.000000 0.812500 0.619531 0.043750 0.039062
