2.000000 0.210938 0.014844 0.025000 0.029687
2.000000 0.175781 0.018750 0.023438 0.037500
2.000000 0.142187 0.741406 0.025000 0.073438
2.000000 0.767188 0.436719 0.015625 0.014063
2.000000 0.984375 0.825781 0.028125 0.270313
1.000000 0.449219 0.305469 0.248438 0.201563
1.000000 0.375000 0.890625 0.125000 0.090625
1.000000 0.553125 0.728906 0.078125 0.064062
1.000000 0.378125 0.578125 0.050000 0.046875
1.000000 0.458594 0.535156 0.048438 0.048438
1.000000 0.482031 0.576562 0.054688 0.040625
1.000000 0.199219 0.564844 0.060937 0.042188
1.000000 0.179688 0.655469 0.056250 0.064062
1.000000 0.251563 0.673438 0.059375 0.056250
1.000000 0.242969 0.622656 0.045312 0.054688
1.000000 0.077344 0.599219 0.067187 0.045312
1.000000 0.012500 0.592969 0.025000 0.039062
1.000000 0.242188 0.533594 0.046875 0.032813
1.000000 0.316406 0.530469 0.051562 0.042188
1.000000 0.339844 0.484375 0.035937 0.025000
1.000000 0.260156 0.523438 0.057813 0.043750
