2.000000 0.121875 0.261719 0.050000 0.148438
2.000000 0.092188 0.237500 0.046875 0.131250
2.000000 0.087500 0.283594 0.043750 0.132812
2.000000 0.752344 0.085156 0.014063 0.039062
2.000000 0.013281 0.841406 0.026562 0.173437
1.000000 0.576562 0.438281 0.128125 0.098437
1.000000 0.558594 0.347656 0.151562 0.107813
1.000000 0.941406 0.614062 0.107813 0.112500
1.000000 0.967187 0.257031 0.065625 0.082812
1.000000 0.820312 0.121094 0.046875 0.057813
1.000000 0.832031 0.078906 0.048438 0.067187
1.000000 0.706250 0.031250 0.025000 0.021875
1.000000 0.560937 0.011719 0.053125 0.020313
1.000000 0.442188 0.526563 0.065625 0.093750
2.000000 0.183594 0.732812 0.051562 0.140625
2.000000 0.206250 0.755469 0.043750 0.135937
