2.000000 0.396094 0.199219 0.057813 0.142187
2.000000 0.432031 0.171875 0.048438 0.131250
2.000000 0.460156 0.203125 0.051562 0.131250
2.000000 0.881250 0.079687 0.031250 0.062500
2.000000 0.926562 0.171094 0.043750 0.107813
2.000000 0.892969 0.167969 0.042188 0.107813
2.000000 0.903125 0.245312 0.034375 0.090625
1.000000 0.650781 0.464062 0.129688 0.193750
1.000000 0.926562 0.471875 0.128125 0.171875
1.000000 0.896875 0.385156 0.081250 0.101562
1.000000 0.857812 0.285938 0.087500 0.109375
1.000000 0.716406 0.160938 0.092188 0.112500
1.000000 0.841406 0.200000 0.085938 0.115625
1.000000 0.815625 0.100781 0.106250 0.132812
1.000000 0.771875 0.045312 0.065625 0.031250
1.000000 0.460938 0.621875 0.090625 0.168750
