2.000000 0.049219 0.404687 0.017188 0.084375
2.000000 0.033594 0.403906 0.017188 0.082812
2.000000 0.141406 0.507812 0.035937 0.131250
2.000000 0.109375 0.513281 0.025000 0.132812
2.000000 0.489844 0.350000 0.010937 0.046875
2.000000 0.498437 0.352344 0.012500 0.048438
2.000000 0.589063 0.403906 0.015625 0.070312
2.000000 0.623437 0.407813 0.015625 0.078125
2.000000 0.581250 0.409375 0.031250 0.059375
2.000000 0.898438 0.575000 0.040625 0.084375
2.000000 0.864844 0.575000 0.039062 0.084375
2.000000 0.134375 0.886719 0.043750 0.154688
2.000000 0.083594 0.895312 0.042188 0.159375
2.000000 0.860156 0.660156 0.023438 0.076563
2.000000 0.942969 0.873437 0.020313 0.081250
1.000000 0.778125 0.671094 0.081250 0.104688
1.000000 0.814063 0.753906 0.062500 0.082812
1.000000 0.842187 0.821875 0.062500 0.081250
1.000000 0.886719 0.903906 0.067187 0.076563
1.000000 0.920312 0.950000 0.090625 0.100000
1.000000 0.668750 0.546875 0.146875 0.140625
