2.000000 0.401562 0.097656 0.034375 0.114062
2.000000 0.421875 0.114062 0.034375 0.109375
2.000000 0.018750 0.400000 0.031250 0.115625
2.000000 0.303125 0.464844 0.043750 0.151562
2.000000 0.010937 0.456250 0.021875 0.106250
2.000000 0.008594 0.482031 0.017188 0.089063
2.000000 0.651563 0.952344 0.056250 0.095312
2.000000 0.635156 0.775000 0.057813 0.156250
2.000000 0.592969 0.854688 0.057813 0.159375
2.000000 0.598437 0.814063 0.056250 0.175000
2.000000 0.675781 0.802344 0.054688 0.151562
2.000000 0.603906 0.952344 0.054688 0.095312
1.000000 0.596875 0.453125 0.134375 0.259375
1.000000 0.171094 0.471875 0.160938 0.153125
1.000000 0.043750 0.845313 0.087500 0.131250
1.000000 0.028906 0.737500 0.057813 0.100000
1.000000 0.022656 0.650781 0.045312 0.079687
1.000000 0.029687 0.576562 0.059375 0.096875
