2.000000 0.094531 0.073438 0.007812 0.043750
2.000000 0.100781 0.074219 0.007812 0.039062
2.000000 0.115625 0.084375 0.012500 0.056250
2.000000 0.132031 0.085938 0.014063 0.053125
2.000000 0.153906 0.092969 0.017188 0.060937
2.000000 0.139063 0.093750 0.012500 0.059375
2.000000 0.861719 0.022656 0.020313 0.045312
2.000000 0.960938 0.033594 0.018750 0.067187
2.000000 0.946875 0.033594 0.025000 0.067187
2.000000 0.593750 0.082031 0.018750 0.082812
2.000000 0.519531 0.264062 0.020313 0.087500
2.000000 0.138281 0.968750 0.035937 0.059375
2.000000 0.639844 0.713281 0.029687 0.135937
2.000000 0.656250 0.753906 0.034375 0.132812
2.000000 0.614062 0.764062 0.043750 0.140625
2.000000 0.802344 0.904687 0.042188 0.159375
2.000000 0.853125 0.908594 0.043750 0.154688
1.000000 0.285156 0.882812 0.142187 0.206250
1.000000 0.363281 0.828125 0.160938 0.190625
1.000000 0.433594 0.789844 0.157812 0.179688
1.000000 0.127344 0.585156 0.104688 0.098437
1.000000 0.190625 0.567969 0.071875 0.057813
1.000000 0.179688 0.915625 0.168750 0.162500
