2.000000 0.389844 0.280469 0.029687 0.104688
2.000000 0.364844 0.299219 0.029687 0.110937
2.000000 0.386719 0.312500 0.029687 0.109375
2.000000 0.466406 0.366406 0.035937 0.101562
2.000000 0.514844 0.378906 0.026562 0.129688
1.000000 0.632812 0.415625 0.068750 0.093750
1.000000 0.658594 0.486719 0.064062 0.082812
1.000000 0.395313 0.707812 0.146875 0.090625
1.000000 0.421875 0.665625 0.109375 0.053125
1.000000 0.396094 0.425781 0.139063 0.220312
1.000000 0.613281 0.333594 0.051562 0.110937
1.000000 0.704688 0.571875 0.065625 0.084375
1.000000 0.614062 0.585156 0.065625 0.070312
